Time|Event|Eff.Win|cwnd|RTT|sRTT|TOut
1583255301|SEND|0|1|1583255301.09|5|10.0
1583255303|RECIEVE|1|2|2.01|4.4|10.0
1583255304|SEND|0|2|1583255304.1|4.4|8.8
1583255306|RECIEVE|2|3|2.01|3.92|8.8
1583255307|SEND|1|3|1583255307.11|3.92|7.85
1583255308|SEND|0|3|1583255308.11|5|7.85
1583255315|RESEND|0|1|1583255307.11|5|15.69
1583255317|RECIEVE|0|2|9.85|4.0|15.69
1583255324|RESEND|0|1|1583255308.11|5|31.38
1583255326|RECIEVE|1|2|17.7|4.0|31.38
1583255327|SEND|0|2|1583255326.81|5|31.38
1583255329|RECIEVE|1|2|2.01|4.4|31.38
1583255330|SEND|0|2|1583255329.81|4.4|8.8
1583255339|RESEND|0|1|1583255329.81|5|17.6
1583255341|RECIEVE|1|2|10.81|4.0|17.6
1583255342|SEND|0|2|1583255341.62|5|17.6
1583255344|RECIEVE|1|2|2.01|4.4|17.6
1583255345|SEND|0|2|1583255344.63|4.4|8.8
1583255353|RESEND|0|1|1583255344.63|5|17.61
1583255355|RECIEVE|1|2|10.81|4.0|17.61
1583255356|SEND|0|2|1583255356.44|5|17.61
1583255358|RECIEVE|1|2|2.01|4.4|17.61
1583255359|SEND|0|2|1583255359.45|4.4|8.8
1583255361|RECIEVE|1|2|2.02|3.92|8.8
1583255362|SEND|0|2|1583255362.47|3.92|7.85
1583255364|RECIEVE|1|2|2.01|3.54|7.85
1583255365|SEND|0|2|1583255365.47|3.54|7.08
1583255373|RESEND|0|1|1583255365.47|5|14.16
1583255375|RECIEVE|1|2|9.09|4.0|14.16
1583255376|SEND|0|2|1583255375.56|5|14.16
1583255378|RECIEVE|1|2|2.01|4.4|14.16
1583255379|SEND|0|2|1583255378.57|4.4|8.8
1583255387|RESEND|0|1|1583255378.57|5|17.6
1583255389|RECIEVE|1|2|10.81|4.0|17.6
1583255390|SEND|0|2|1583255390.38|5|17.6
1583255392|RECIEVE|1|2|2.01|4.4|17.6
1583255393|SEND|0|2|1583255393.39|4.4|8.8
1583255395|RECIEVE|1|2|2.01|3.92|8.8
1583255396|SEND|0|2|1583255396.4|3.92|7.84
1583255398|RECIEVE|1|2|2.01|3.54|7.84
1583255399|SEND|0|2|1583255399.41|3.54|7.08
1583255406|RESEND|0|1|1583255399.41|5|14.16
1583255408|RECIEVE|1|2|9.09|4.0|14.16
1583255409|SEND|0|2|1583255409.49|5|14.16
1583255412|RECIEVE|1|2|2.01|4.4|14.16
1583255413|SEND|0|2|1583255412.5|4.4|8.8
1583255421|RESEND|0|1|1583255412.5|5|17.6
1583255423|RECIEVE|1|2|10.81|4.0|17.6
1583255424|SEND|0|2|1583255424.31|5|17.6
1583255426|RECIEVE|1|2|2.01|4.4|17.6
1583255427|SEND|0|2|1583255427.32|4.4|8.8
1583255429|RECIEVE|1|2|2.01|3.92|8.8
1583255430|SEND|0|2|1583255430.32|3.92|7.85
1583255432|RECIEVE|1|2|2.01|3.54|7.85
1583255433|SEND|0|2|1583255433.33|3.54|7.08
1583255440|RESEND|0|1|1583255433.33|5|14.16
1583255442|RECIEVE|1|2|9.09|4.0|14.16
1583255443|SEND|0|2|1583255443.42|5|14.16
1583255445|RECIEVE|1|2|2.01|4.4|14.16
1583255446|SEND|0|2|1583255446.42|4.4|8.8
1583255448|RECIEVE|1|2|2.01|3.92|8.8
1583255449|SEND|0|2|1583255449.43|3.92|7.84
1583255451|RECIEVE|1|2|2.01|3.54|7.84
1583255452|SEND|0|2|1583255452.44|3.54|7.08
1583255454|RECIEVE|1|2|2.01|3.23|7.08
1583255455|SEND|0|2|1583255455.44|3.23|6.47
1583255457|RECIEVE|1|2|2.01|2.99|6.47
1583255458|SEND|0|2|1583255458.45|2.99|5.97
1583255464|RESEND|0|1|1583255458.45|5|11.95
1583255466|RECIEVE|1|2|7.98|4.0|11.95
1583255467|SEND|0|2|1583255467.43|5|11.95
1583255469|RECIEVE|1|2|2.01|4.4|11.95
1583255470|SEND|0|2|1583255470.44|4.4|8.8
1583255479|RESEND|0|1|1583255470.44|5|17.61
1583255481|RECIEVE|1|2|10.81|4.0|17.61
1583255482|SEND|0|2|1583255482.25|5|17.61
1583255484|RECIEVE|1|2|2.01|4.4|17.61
1583255485|SEND|0|2|1583255485.26|4.4|8.8
1583255487|RECIEVE|1|2|2.01|3.92|8.8
1583255488|SEND|0|2|1583255488.26|3.92|7.84
1583255490|RECIEVE|1|2|2.01|3.54|7.84
1583255491|SEND|0|2|1583255491.27|3.54|7.08
1583255493|RECIEVE|1|2|2.01|3.23|7.08
1583255494|SEND|0|2|1583255494.27|3.23|6.46
1583255496|RECIEVE|1|2|2.0|2.99|6.46
1583255497|SEND|0|2|1583255497.28|2.99|5.97
1583255503|RESEND|0|1|1583255497.28|5|11.95
1583255505|RECIEVE|1|2|7.98|4.0|11.95
