Time|Event|Eff.Win|cwnd|RTT|sRTT|TOut
1583177492|SEND|0|1|1583177492.05|5|10.0
1583177494.052873|RECIEVE|2|2|2.01|4.4|10.0
1583177495|SEND|1|2|1583177495.05|4.4|8.8
1583177496|SEND|0|2|1583177496.06|4.4|8.8
1583177497.057983|RECIEVE|3|3|2.0|3.92|8.8
1583177498|SEND|1|3|1583177498.06|5|7.84
1583177499|SEND|0|3|1583177499.06|5|7.84
1583177504|RESEND|0|1|1583177496.06|5|15.69
1583177505.9118662|RECIEVE|0|2|1583177496.06|5|15.69
1583177514|RESEND|0|1|1583177498.06|5|31.37
1583177515.755682|RECIEVE|1|2|1583177498.06|5|31.37
1583177515.7602649|RECIEVE|2|2|16.7|7.34|31.37
1583177517|SEND|1|2|1583177516.76|7.34|14.68
1583177518|SEND|0|2|1583177517.76|5|14.68
1583177531|RESEND|0|1|1583177516.76|5|29.36
1583177533.4412632|RECIEVE|1|2|1583177516.76|5|29.36
1583177533.450809|RECIEVE|2|2|15.69|7.14|29.36
1583177534|SEND|1|2|1583177534.44|7.14|14.28
